acc = 0.8
acc_and_f1 = 0.7863636363636364
auc_score = 0.7956643918105178
f1 = 0.7727272727272727
macro_f1 = 0.797077922077922
precision = 0.8292682926829268
recall = 0.723404255319149
