acc = 0.908256880733945
acc_and_f1 = 0.9094855832241153
auc_score = 0.9080575903005809
f1 = 0.9107142857142857
macro_f1 = 0.9081873315363882
precision = 0.9026548672566371
recall = 0.918918918918919
